20
-0.440524 -0.448734 0 0 12 1 0.948525 2 0.847121 3 -0.418103 6 0.219285 7 -1.06317 8 0.288401 10 0.397623 11 0.348431 13 -0.602322 16 -0.486464 17 0.249044 19 0.152062 
0.461806 -0.167534 0 0 10 0 0.494169 5 -0.482539 7 0.245724 9 0.29214 11 0.628176 14 -0.0718514 15 0.207915 0 0.25506 0 -1.16418 0 0.314612 
0.0165035 -0.530271 0 0 10 3 -0.917958 4 -0.502177 5 -0.0691191 7 -1.149 8 0.696154 9 1.22786 14 0.265583 15 0.68376 17 -0.427895 18 -0.614311 
0.423785 0.09275 0 0 10 1 -0.738892 4 -0.612188 5 -0.662266 8 -0.211871 9 0.15407 10 -0.514318 12 0.21476 18 -0.420883 19 -0.747181 5 0.343358 
0.166812 -0.637979 0 0 10 0 0.108253 1 -0.816416 2 0.68688 7 -0.943717 11 0.482483 16 -0.531037 18 0.652916 1 0.0264264 3 0.521202 7 -0.775612 
0.30834 -0.534102 0 0 10 2 0.308338 7 0.637752 9 0.538911 10 0.597351 13 0.0142523 14 -0.778252 15 -0.0894771 16 -0.441819 18 -0.580254 19 0.212433 
0.63068 -0.114526 0 0 10 1 -1.09349 4 0.128542 5 -0.281029 9 -0.117868 12 -0.709359 14 -0.300277 15 -1.05537 16 -0.314184 18 0.192695 0 0.325295 
0.436665 -0.0685737 0 0 10 0 0.0254994 4 -0.956037 9 -0.65062 11 0.822655 13 -0.51704 14 -0.371559 15 -0.315456 16 -1.09726 18 0.600154 0 0.108958 
0.112079 0.483535 0 0 10 0 -0.695287 4 0.723027 9 -0.532614 10 -0.727588 11 -0.720214 12 0.00633976 15 -0.267475 19 -0.684108 1 0.201982 4 -0.312585 
0.285976 0.701057 0 0 10 0 -1.43702 2 -0.147022 3 -0.13425 4 0.350872 5 -0.703194 7 -0.320382 13 -0.639426 0 -1.5447 1 -0.931463 3 -0.233118 
1.02439 -0.820358 0 0 10 1 -0.803159 2 1.2213 3 -0.431761 8 0.772457 11 -0.178921 13 1.40137 19 -0.400473 2 1.19275 3 -0.0155919 2 -0.251268 
0.405261 -0.509965 0 0 10 1 0.637173 3 -0.583052 7 0.220919 8 0.0880229 9 -0.841296 10 0.82589 13 0.633029 14 -0.791005 18 0.771488 1 -0.58166 
-0.179819 0.00188935 0 0 10 1 0.149573 2 0.876814 3 0.747589 5 0.736361 6 0.728762 7 -0.951523 10 -0.106328 11 -0.876402 18 0.0822641 1 -0.407021 
-0.090589 0.387709 0 0 10 1 0.835702 4 -0.764042 9 1.24201 10 0.313164 14 0.0433378 15 -0.320718 16 -0.376301 19 0.367676 2 0.538583 0 -0.825716 
0.18628 0.438824 0 0 10 3 -0.927843 4 0.60132 6 0.79294 9 1.08038 12 0.263239 13 0.624664 15 -0.285304 16 0.685319 17 -0.766022 18 1.2007 
0.22883 0.822713 0 0 10 0 0.465458 3 1.50109 5 -1.01181 6 0.118264 8 0.714129 9 0.860685 10 -0.990052 14 0.768476 3 -0.649103 7 -0.933315 
-0.252608 0.735383 0 0 11 0 -0.234915 1 0.943027 2 0.358609 4 -0.386433 5 -0.533575 7 0.0496461 9 -0.170533 10 -0.980714 13 -0.0208639 17 0.849078 19 0.672221 
0.172217 0.759498 0 0 10 2 -0.310274 3 -0.680527 5 0.53616 10 -1.44699 14 0.702779 15 -0.0881781 16 0.328915 5 -0.929143 7 -0.118572 2 -0.335796 
0.888438 -0.158501 0 1 10 2 -2.94581 11 -2.57613 13 -3.15226 17 -3.52033 1 -2.41453 1 -2.09603 1 -1.75868 0 -2.14492 2 0.676901 3 -0.701847 
-0.291617 0.610711 0 0 10 3 0.38469 4 0.54125 5 -0.592339 6 0.636156 7 0.451193 11 -0.805996 12 1.41262 13 0.809184 15 0.713713 0 0.198475 
